Filename	numReads	estFragLen	corr_estFragLen	PhantomPeak	corr_phantomPeak	argmin_corr	min_corr	phantomPeakCoef	relPhantomPeakCoef	QualityTag
02_05FS_00ICHauk_H3K27Ac_hs_i68.tagAlign.gz	31214555	210	0.440783468338341	80	0.4297421	1500	0.4005665	1.1004	1.378442	1
00_05G3_00ICHauk_Pooled_Input_Batch1_hs_i80.tagAlign.gz	32155657	185	0.310834593968892	75	0.3095109	1500	0.305045	1.01898	1.296385	1
04_05FT_00ICHauk_H3K27Ac_hs_i69.tagAlign.gz	34161063	200	0.417322218561509	75	0.4074399	1500	0.3868417	1.078793	1.479762	1
06_05FU_00ICHauk_H3K27Ac_hs_i70.tagAlign.gz	29180393	205	0.418815743620687	80	0.4081425	1500	0.3823394	1.095403	1.413641	1
08_05FV_00ICHauk_H3K27Ac_hs_i71.tagAlign.gz	29688958	190	0.431785456447445	80	0.4213592	1500	0.3916411	1.102503	1.35084	1
10_05FW_00ICHauk_H3K27Ac_hs_i72.tagAlign.gz	30853362	185	0.3758256335796	80	0.3583621	1500	0.337252	1.114376	1.827262	2
12_05FX_00ICHauk_H3K27Ac_hs_i73.tagAlign.gz	27309808	190	0.339075080626555	80	0.3253591	1500	0.309434	1.095791	1.861275	2
14_05FY_00ICHauk_H3K27Ac_hs_i74.tagAlign.gz	26506695	180	0.340321356674608	80	0.3303307	1500	0.3146449	1.081604	1.636926	2
16_05FZ_00ICHauk_H3K27Ac_hs_i75.tagAlign.gz	29804478	190	0.384177421032335	75	0.3765911	1500	0.3578296	1.073632	1.404355	1
18_05G0_00ICHauk_H3K27Ac_hs_i76.tagAlign.gz	27886251	205	0.367735309056081	80	0.3595551	1500	0.3420507	1.07509	1.467321	1
20_05G1_00ICHauk_H3K27Ac_hs_i77.tagAlign.gz	29428343	200	0.463427593212063	80	0.4541904	1500	0.4243921	1.09198	1.30999	1
22_05G2_00ICHauk_H3K27Ac_hs_i78.tagAlign.gz	27632330	180	0.341989730412867	80	0.3284375	1500	0.3136888	1.09022	1.91887	2
24_05NM_00ICHauk_H3K27Ac_hs_i81.tagAlign.gz	32545324	180	0.358179280700914	80	0.3551382	1500	0.3459021	1.035493	1.329263	1
00_05O0_00ICHauk_Pooled_Input-B2_hs_i96.tagAlign.gz	30212672	165	0.295473272415576	75	0.2936736	1500	0.2906456	1.01661	1.594326	2
30_05NN_00ICHauk_H3K27Ac_hs_i82.tagAlign.gz	30640535	185	0.367738288822016	75	0.3613311	1500	0.3482837	1.055858	1.491072	1
38_05NO_00ICHauk_H3K27Ac_hs_i84.tagAlign.gz	28401798	160	0.296004517289492	80	0.290447	1500	0.2844982	1.040444	1.934209	2
40_05NP_00ICHauk_H3K27Ac_hs_i85.tagAlign.gz	29050536	175	0.321763751535275	75	0.3183882	1500	0.3103115	1.036906	1.41793	1
46_05NQ_00ICHauk_H3K27Ac_hs_i86.tagAlign.gz	26500493	170	0.303373712757601	75	0.2967783	1500	0.2882246	1.05256	1.771057	2
52_05NR_00ICHauk_H3K27Ac_hs_i87.tagAlign.gz	23205330	190	0.275877210975153	80	0.264255	1500	0.2538099	1.086944	2.112692	2
60_05NS_00ICHauk_H3K27Ac_hs_i88.tagAlign.gz	23309076	165	0.272621930920413	75	0.2644002	1500	0.257069	1.060501	2.121462	2
72_05NY_00ICHauk_A2_H3K27Ac_hs_i95.tagAlign.gz	22854602	175	0.25841921685898	80	0.2512164	1500	0.2460176	1.05041	2.385486	2
00_05O1_00ICHauk_Pooled_Input-A2_hs_i68.tagAlign.gz	27860992	165	0.279890227547795	75	0.2787911	1500	0.2759141	1.014411	1.382031	1
74_05NT_00ICHauk_A4_H3K27Ac_hs_i90.tagAlign.gz	25735015	175	0.282198023222786	75	0.2762074	1500	0.2704136	1.043579	2.033969	2
78_05NU_00ICHauk_A8_H3K27Ac_hs_i91.tagAlign.gz	29991038	175	0.323782560758672	80	0.319347	1500	0.3112644	1.040217	1.548768	2
80_05NV_00ICHauk_A10_H3K27Ac_hs_i92.tagAlign.gz	28985309	175	0.327262874442947	80	0.3216527	1500	0.3110567	1.0521	1.529468	2
83_05NW_00ICHauk_A13_H3K27Ac_hs_i93.tagAlign.gz	24100525	175	0.275792492271086	75	0.2670972	1500	0.2598246	1.061456	2.195619	2
85_05NX_00ICHauk_A15_H3K27Ac_hs_i94.tagAlign.gz	32354036	185	0.349908048154745	75	0.3462577	1500	0.3363483	1.040315	1.368376	1
26_05GI_00ICHauk_H3K27Ac_hs_i96.tagAlign.gz	31849447	185	0.428753711560292	75	0.4216604	1500	0.4006667	1.070101	1.337878	1
00_05GV_00ICHauk_Pooled_Input_Batch3_hs_i81.tagAlign.gz	32759709	240	0.311339378683594	75	0.3112047	1500	0.3076414	1.01202	1.037796	1
34_05GJ_00ICHauk_H3K27Ac_hs_i68.tagAlign.gz	28232905	180	0.367964889344043	80	0.3572679	1500	0.3391926	1.084826	1.591803	2
36_05GK_00ICHauk_H3K27Ac_hs_i69.tagAlign.gz	28545129	175	0.317299050382803	75	0.3078398	1500	0.2988247	1.061823	2.049256	2
42_05GL_00ICHauk_H3K27Ac_hs_i70.tagAlign.gz	30321831	205	0.377877138959661	75	0.3698613	1500	0.3551399	1.064023	1.544498	2
54_05GM_00ICHauk_H3K27Ac_hs_i71.tagAlign.gz	29668032	185	0.34045208699418	75	0.3369559	1500	0.327119	1.040759	1.355414	1
64_05GN_00ICHauk_H3K27Ac_hs_i72.tagAlign.gz	25214815	190	0.321195787667014	80	0.311958	1500	0.2983316	1.07664	1.677931	2
66_05GO_00ICHauk_H3K27Ac_hs_i73.tagAlign.gz	27634983	260	0.368347441812616	75	0.3575775	1500	0.3421924	1.076434	1.700021	2
68_05GP_00ICHauk_H3K27Ac_hs_i74.tagAlign.gz	27991265	230	0.357575940288441	80	0.3491162	1500	0.3319759	1.077114	1.493557	1
71_05GQ_00ICHauk_A1_H3K27Ac_hs_i75.tagAlign.gz	26242625	280	0.313885087313319	80	0.3057579	1500	0.2936035	1.069078	1.668664	2
75_05GR_00ICHauk_A5_H3K27Ac_hs_i76.tagAlign.gz	29101034	260	0.350998505115168	80	0.3404143	1500	0.3219958	1.090072	1.57465	2
77_05GS_00ICHauk_A7_H3K27Ac_hs_i77.tagAlign.gz	28758161	230	0.357795458511471	80	0.3478527	1500	0.3344475	1.06981	1.741707	2
81_05GT_00ICHauk_A11_H3K27Ac_hs_i78.tagAlign.gz	29729765	235	0.354535369039369	75	0.3485824	1500	0.3370771	1.051793	1.517415	2
86_05GU_00ICHauk_A16_H3K27Ac_hs_i80.tagAlign.gz	31902375	220	0.351537430618304	80	0.3442941	1500	0.3343554	1.051389	1.728808	2
28_05GW_00ICHauk_H3K27Ac_hs_i82.tagAlign.gz	28666812	285	0.383578197248753	75	0.3709942	1500	0.3565687	1.075748	1.872348	2
00_05H8_00ICHauk_Pooled_Input_Batch4_hs_i95.tagAlign.gz	30139083	170	0.294049701424686	75	0.2940395	1500	0.2903146	1.012866	1.002726	1
32_05GX_00ICHauk_H3K27Ac_hs_i84.tagAlign.gz	30362960	260	0.367549970912062	75	0.3606685	1500	0.3488698	1.053545	1.583245	2
44_05GY_00ICHauk_H3K27Ac_hs_i85.tagAlign.gz	28290088	255	0.332855129985905	80	0.3272486	1500	0.3164207	1.051938	1.517781	2
48_05GZ_00ICHauk_H3K27Ac_hs_i86.tagAlign.gz	20614411	265	0.318677808758704	80	0.3022129	1500	0.2856747	1.115527	1.995564	2
60_05H1_00ICHauk_H3K27Ac_hs_i88.tagAlign.gz	25941556	375	0.322265817660289	75	0.3156746	1500	0.3071288	1.049286	1.771281	2
62_05H2_00ICHauk_H3K27Ac_hs_i89.tagAlign.gz	30060568	245	0.3691295006934	75	0.3614824	1500	0.3465455	1.065169	1.511955	2
73_05H3_00ICHauk_A3_H3K27Ac_hs_i90.tagAlign.gz	21161298	250	0.261817111224113	75	0.2536026	1500	0.2462769	1.0631	2.121338	2
76_05H4_00ICHauk_A6_H3K27Ac_hs_i91.tagAlign.gz	23564822	185	0.286341048295238	75	0.2770511	1500	0.2674846	1.070496	1.971095	2
79_05H5_00ICHauk_A9_H3K27Ac_hs_i92.tagAlign.gz	24140882	195	0.371941289436868	75	0.35805	1500	0.3290381	1.13039	1.478812	1
82_05H6_00ICHauk_A12_H3K27Ac_hs_i93.tagAlign.gz	31838370	185	0.365431789902662	75	0.3604193	1500	0.3483489	1.04904	1.415272	1
84_05H7_00ICHauk_A14_H3K27Ac_hs_i94.tagAlign.gz	28682651	180	0.371091616884894	80	0.3615623	1500	0.3417186	1.085957	1.48022	1
58_05H0_00ICHauk_H3K27Ac_hs_i87.tagAlign.gz	28443363	275	0.335396606655829	75	0.3282642	1500	0.3193925	1.050108	1.803951	2
